[gd_scene load_steps=7 format=2]

[ext_resource path="res://scenes/city/city_buildings.tscn" type="PackedScene" id=1]
[ext_resource path="res://entities/lamp_post/lamp_post.tscn" type="PackedScene" id=2]
[ext_resource path="res://entities/character/character.tscn" type="PackedScene" id=3]
[ext_resource path="res://entities/named_zone/named_zone.tscn" type="PackedScene" id=4]

[sub_resource type="BoxShape" id=1]
extents = Vector3( 4.61877, 1, 5.06417 )

[sub_resource type="BoxShape" id=2]
extents = Vector3( 4.46792, 1, 21.2745 )

[node name="Spatial" type="Spatial"]

[node name="map" parent="." instance=ExtResource( 1 )]

[node name="character" parent="." instance=ExtResource( 3 )]
transform = Transform( 0.984941, 0, 0.172892, 0, 1, 0, -0.172892, 0, 0.984941, -3.6416, 0.5, -50.0452 )
last_lamp_post = NodePath("../lamp_posts/lamp_post")

[node name="lamp_posts" type="Spatial" parent="."]

[node name="lamp_post" parent="lamp_posts" instance=ExtResource( 2 )]
transform = Transform( 0.806476, 0, -0.591267, 0, 1, 0, 0.591267, 0, 0.806476, -2.02896, -0.034122, -52.3853 )
lit = true

[node name="lamp_post2" parent="lamp_posts" instance=ExtResource( 2 )]
transform = Transform( 0.0240482, 0, -0.999711, 0, 1, 0, 0.999711, 0, 0.0240482, -9.04833, 0, -36.1103 )

[node name="zones" type="Spatial" parent="."]

[node name="gate_district_1" parent="zones" instance=ExtResource( 4 )]
transform = Transform( 0.476913, 0, 0.87895, 0, 1, 0, -0.87895, 0, 0.476913, -11.434, 1, -36.755 )

[node name="CollisionShape" type="CollisionShape" parent="zones/gate_district_1"]
transform = Transform( 1, 0, 2.98023e-08, 0, 1, 0, -2.98023e-08, 0, 1, 0, 0, 0 )
shape = SubResource( 1 )

[node name="gate_district_2" parent="zones" instance=ExtResource( 4 )]
transform = Transform( 0.980368, 0, -0.197178, 0, 1, 0, 0.197178, 0, 0.980368, 18.999, 1, -31.282 )

[node name="CollisionShape" type="CollisionShape" parent="zones/gate_district_2"]
shape = SubResource( 2 )
